3113167
211886360
2798959
121045407
220828267
87381787
35095278
41101983
121409149
5120304
5140778
209048852
35090427
126291921
597125
2208398
100872685
211580114
344824
70709634
176069299
116102251
41518151
77708235
19125670
28430538
28768479
62850347
204340462
214947877
20688349
61120290
147285
71692503
139722272
57494632
215233875
97874144
162860687
15565588
102020499
11337851
121048348
42750070
157556996
153022
1804595
121131051
159865507
121048347
388364
219205795
58452002
88757527
117536192
575127
126102484
68714347
128384456
392531
167269536
110803199
62850345
486322
186371815
35990746
152564909
121048344
62850346
95261954
68626950
1842403
176069300
1308547
186255115
158418595
121045411
45214194
131973353
74935556
1833005
47790772
199067976
192216891
92221712
152587253
91462977
65229359
121441699
37936032
106187584
68083491
159758340
186255127
211886355
69793993
71749371
7397081
193913263
4075653
125703403
3113167
